-2.807859680220384462e+02
-4.072382052139057862e+01
-1.201010017416012943e+01
-1.201010017416012943e+01
-8.522001456315081214e+00
-8.522001456315081214e+00
-5.344070883367322722e+00
1.221903197182115264e+00
1.221903197182115264e+00
8.229619632705311005e+01
8.229619632705311005e+01
8.372662424470583176e+01
8.372662424470583176e+01
8.372662424470583176e+01
8.372662424470583176e+01
8.372662424470583176e+01
5.752508124116724275e+01
2.019990120353337488e+02
2.019990120353337488e+02
2.779456666677255043e+02
2.779456666677255043e+02
2.779456666677255043e+02
2.779456666677255043e+02
2.779456666677255043e+02
2.663230437931974848e+02
2.719428753438838271e+02
2.719428753438838271e+02
2.797287661467489102e+02
2.797287661467489102e+02
2.797287661467489102e+02
3.004460324741902468e+02
3.004460324741902468e+02
3.004460324741902468e+02
3.021660282908236468e+02
3.021660282908236468e+02
3.021660282908236468e+02
3.021660282908236468e+02
3.021660282908236468e+02
2.814972541315455032e+02
2.766315697063384391e+02
2.676445454981206922e+02
2.777717276080556417e+02
2.777717276080556417e+02
2.814931154760898835e+02
2.834841679447386582e+02
2.834841679447386582e+02
2.918659251898075127e+02
2.934810673837533841e+02
2.967586817355581843e+02
2.967586817355581843e+02
2.967586817355581843e+02
2.980393136854220302e+02
2.992081563940532192e+02
3.004192971779636991e+02
3.004192971779636991e+02
3.004192971779636991e+02
3.096121571834472661e+02
3.096121571834472661e+02
3.096121571834472661e+02
3.096121571834472661e+02
3.146156694534013809e+02
3.146156694534013809e+02
3.146156694534013809e+02
