-2.807859680220384462e+02
-1.470943427243041128e+02
-1.490697244682905591e+02
-1.640287180870074053e+02
-1.610325288544365776e+02
-1.555354133547147910e+02
-1.525800187453982346e+02
-1.453289707814706162e+02
-1.273739982644394644e+02
-1.163053410670359824e+02
-1.065131454185757178e+02
-9.359774189360555852e+01
-9.260377738069421127e+01
-8.482234667242151716e+01
-7.296116391142079749e+01
-6.564007656793214096e+01
-6.013886295798212700e+01
-4.337446989307282053e+01
-3.411595152368235517e+01
-2.482845900878682244e+01
-1.683656418030377466e+01
-1.247658491953815663e+01
1.982343850762882553e+00
2.741354289101274233e+01
3.905245284122701577e+01
7.682156790406840230e+01
1.140395533395409871e+02
1.322144586500773471e+02
1.540184596573501778e+02
1.820023293049673612e+02
1.872793944493832043e+02
2.001508050066350961e+02
2.121215585330248246e+02
2.082650014084847498e+02
2.103061511390252178e+02
2.163518706671850396e+02
2.154114151122691965e+02
2.205077549366782534e+02
2.275449123019425599e+02
2.268305886113721499e+02
2.234324047852685169e+02
2.207525851948075513e+02
2.204414199691876775e+02
2.206178838502964652e+02
2.270731525669364430e+02
2.315831110496163774e+02
2.370951278361365553e+02
2.396458108185037759e+02
2.397659405364025531e+02
2.375856964227041317e+02
2.406580191225130818e+02
2.386082232665954734e+02
2.437163332406285292e+02
2.461942565371125511e+02
2.454780961482667010e+02
2.458725563316270097e+02
2.481007398960148294e+02
2.417325970600419964e+02
2.447680855701275959e+02
2.440050682013275605e+02
2.446552809373743855e+02
2.440617694866813281e+02
2.521766833683109041e+02
